10 
5
1 0 5 1
2 1 5 1
3 2 5 1
4 3 5 1 
5 4 5 1
7
1 1 29 1
2 2 79 1
3 3 43 1
4 4 25 1
5 5 14 1
6 6 45 1
7 7 150 1
9
1 17 29 1
2 68 79 1
3 15 43 1
4 20 25 1
5 2  14 1
6 42 45 1
7 10 15 1
8 2  125 1
9 89 110 1
11
1 17 29 1
2 68 79 1
3 15 43 1
4 20 25 1
5 2  14 1
6 42 45 1
7 10 15 1
8 2  125 1
9 89 110 1
10 1  89 1
11 99 100 1
13
1 17 29 1
2 68 79 1
3 15 43 1
4 20 25 1
5 2  14 1
6 42 45 1
7 10 15 1
8 2  125 1
9 89 110 1
10 2 125 1
11 89 110 1
12 1  89 1
13 99 100 1
15
1 17 29 1
2 68 79 1
3 15 43 1
4 20 25 1
5 2  14 1
6 42 45 1
7 10 15 1
8 2  125 1
9 89 110 1
11 89 110 1
12 2  125 1
13 89 110 1
14 1  89 1
15 99 100 1
17
1 17 29 1
2 68 79 1
3 15 43 1
4 20 25 1
5 2  14 1
6 42 45 1
7 10 15 1
8 2  125 1
9 89 110 1
10 10 15 1
11 2  125 1
12 89 110 1
13 89 110 1
14 2  125 1
15 89 110 1
16 1  89 1
17 2  89 1
19
1 17 29 1
2 68 79 1
3 15 43 1
4 20 25 1
5 2  14 1
6 42 45 1
7 10 15 1
8 2  125 1
9 89 110 1
10 10 15 1
11 2  125 1
12 89 110 1
13 89 110 1
14 2  125 1
15 89 110 1
16 1  89 1
17 2  89 1
18 87 89 1
19 87 90 1
21
1 17 29 1
2 68 79 1
3 15 43 1
4 20 25 1
5 2  14 1
6 42 45 1
7 10 15 1
8 2  125 1
9 89 110 1
10 10 15 1
11 2  125 1
12 89 110 1
13 89 110 1
14 2  125 1
15 89 110 1
16 1  89 1
17 35 89 1
18 77 89 1
19 87 90 1
20 90 99 1
21 97 99 1
23
1 17 29 1
2 68 79 1
3 15 43 1
4 20 25 1
5 2  14 1
6 42 45 1
7 10 15 1
8 2  125 1
9 89 110 1
10 10 15 1
11 2  125 1
12 89 110 1
13 89 110 1
14 2  125 1
15 89 110 1
16 1  89 1
17 35 89 1
18 77 89 1
19 87 90 1
20 90 99 1
21 97 99 1
22 101 102 1
23 35  45 1
